0,575
0,574
0,573
0,572
0,571
0,570
37,257
38,18
39,13
0,569
0,568
0,567
39,12
37,256
38,17
0,566
0,565
38,16
0,564
37,245
37,244
37,243
37,242
37,241
37,240
37,239
37,238
37,237
37,236
37,235
37,234
37,233
37,232
37,231
37,230
37,229
37,228
37,227
37,226
37,225
37,224
37,223
37,222
0,563
0,562
38,15
37,221
37,220
0,561
0,560
38,14
0,559
38,13
0,558
38,12
39,11
38,11
39,10
39,9
0,557
38,10
38,9
0,556
0,555
38,8
38,7
38,6
0,554
0,553
0,552
0,551
0,550
0,549
0,548
0,547
0,546
0,545
0,544
0,543
0,542
0,541
0,540
0,539
0,538
0,537
0,536
37,219
37,218
37,217
37,216
0,535
60,5
60,4
60,3
60,2
60,1
60,0
59,5
59,4
59,3
59,2
59,1
59,0
0,534
0,533
0,532
37,215
37,214
37,213
37,212
37,211
37,210
37,209
37,208
37,207
37,206
37,205
37,204
37,203
37,202
37,201
37,200
37,199
37,198
37,197
37,196
37,195
37,194
37,193
37,192
37,191
37,190
37,189
37,188
37,187
37,186
37,185
37,184
37,183
37,182
37,181
37,180
37,179
0,531
37,178
37,177
37,176
37,175
37,174
37,173
37,172
37,171
37,170
37,169
37,168
37,167
37,166
37,165
37,164
37,163
37,162
37,161
37,160
37,159
37,158
37,157
37,156
37,155
37,154
37,153
37,152
37,151
37,150
37,149
37,148
37,147
37,146
37,145
37,144
37,143
0,530
